1209863
1869012
344789
332792
1403932
1253311
917468
1333511
1960941
1566742
932626
293390
140142
1094022
837065
390588
458463
1766665
162625
216028
942671
1453051
662159
1831933
998691
1852391
671494
1836840
1176742
1731134
1396908
544899
1450024
1031177
1052160
1761322
502852
829007
986527
1213647
383436
1075593
1380419
1745145
980774
207621
1468440
415471
1143850
568046
467431
1054103
1728065
1071987
601380
851880
1254709
744854
1240867
706358
443323
289449
720958
1573129
1374558
1051377
304513
439332
1177593
1489539
722657
45877
264717
1655611
1931211
279686
1170569
1062827
1944715
162583
391736
721653
780280
840649
1867943
1972764
1355875
513905
611319
1486092
1521008
1047461
1777198
91548
1891860
94831
697219
1125134
1352980
317610
1518089
1275814
1299319
105069
1623096
448374
411722
1789866
1090886
645088
456226
1947097
66836
256296
1944826
1642542
1704576
1085564
1264498
338262
665841
1222912
1624610
1482561
1067877
1585191
510154
388299
398429
1479427
123221
1188683
271645
851817
1387141
1609016
1212554
512276
1988956
1781667
851289
1665824
133096
1853787
1324955
1766727
1931257
150077
1154890
1028949
1168074
1099840
369723
139596
396399
1767195
1890395
1338519
759087
1104683
365348
319806
380007
473954
1688878
1372076
1043735
1344986
1314824
1005
1668620
1802309
148598
1002742
1240178
1869644
1650
1645054
774160
1042035
1791547
61498
1713885
1102249
1756994
157897
496103
490045
1543313
496937
1942645
1307621
1077791
117001
16434
1422415
1118976
245194
1930018
893781
567339
1549431
1424420
1109742
657745
1172748
31398
424636
1455548
1450977
1491452
1038015
1452494
1231751
1246920
1652875
152250
1627591
1285009
1055066
1060468
494306
9897
1488524
1448100
1098463
752137
1744852
458273
1183604
855125
310598
161986
1593427
363886
359407
1761172
1837210
1287746
1153167
69944
1229906
1318721
746320
1903839
1391665
213439
189688
288861
1873192
1013492
513402
649033
1060357
1052529
1953883
134339
1529172
266222
1190222
907346
970343
1199685
1213319
1026629
1204385
1024337
1547151
1084868
71932
409693
1040806
1579745
1104738
1811009
593866
1630416
763069
575807
1809212
1738913
1224090
1705110
58754
1328266
1065520
388901
710886
1751513
106639
274285
572847
431526
1822014
1650524
437093
1877551
1973831
587730
1059599
147510
466596
1264025
712307
1134235
337769
1828075
1919035
244179
496815
1323030
701996
493084
752802
1699913
778823
1902060
887341
1611954
1530095
1155414
247435
1914741
1239198
55645
1464787
788573
1021179
268848
1580867
820701
1827840
74426
1448511
564518
182723
500863
1451717
751060
1365053
371531
605521
803780
288437
999784
1172406
157242
1380929
785716
1690716
1806279
1216260
1928354
1371879
722158
1686300
46332
821630
701613
1646151
1384119
1803395
687543
112377
429645
1634076
1555191
970453
1676569
210881
174010
613249
628494
1166297
1009902
1699702
1049649
556338
432340
1590681
1680356
1228208
1658919
11425
753080
844881
1997435
596055
920633
91264
1760317
122161
26966
454697
1746051
1421830
1682523
1884188
1773213
989485
1323927
1625684
114128
1912900
1709800
447011
467332
1600176
360678
487749
978991
1117837
143850
955334
902321
1088621
1508801
738659
1336534
1143906
245911
1873911
1842517
1245730
599341
255464
1938632
1350895
276823
1331043
505846
1039402
326194
920446
1185115
654734
1810213
482518
1310674
1583199
173490
1787327
1883393
322078
1725737
986378
1779654
1901326
432221
955242
1985144
1158422
931237
322825
1253178
1921294
378890
1195329
1437502
393111
1057906
827663
190317
621003
1190043
651048
646985
1646278
394470
36395
304733
1707061
212526
551805
1141686
701198
1781434
272556
1233634
157997
1287339
1196988
1352076
1849618
329877
763846
1500087
119942
1396173
565336
745626
668310
558527
876411
744966
1579615
1124676
276654
739728
146462
431716
440544
511512
1030023
260246
1637512
689816
735504
1798767
1068855
316327
798107
863485
417125
724070
1610320
127622
1005728
1348254
1872645
87102
614333
1765745
1823365
535098
1594001
1581983
1304909
1965794
1611572
727628
1879978
345960
334677
1407864
1961393
490950
306419
1646993
1125024
538485
1962492
1865052
862942
459836
1853724
5
879361
1059358
1908946
1448322
510204
481096
210246
1218649
250077
1088998
1084272
1586325
1007297
1172287
972165
1773008
672368
1578937
676791
1248863
512513
1750482
1917572
1355979
573708
855609
1479444
1274744
1863764
1549009
1669078
998819
1843609
1645632
349135
499642
245903
1537858
1628898
1154481
48051
109397
109201
1241231
40791
1399294
151423
997902
1927536
1508198
1267819
1308171
795955
60932
834191
1045544
608255
240246
372747
855759
85809
467875
1231737
1452102
205901
1919550
1425279
1336276
1953525
852862
763818
1666876
1979489
981589
1413265
1347194
323877
891823
817936
1395831
439999
1391939
368063
1045338
611623
1106454
1344340
694003
906256
499936
1293272
1964840
581900
698035
192458
1064248
873607
747020
110025
422080
1023022
1721617
557449
798188
1506594
913314
1850911
139175
1192157
1190342
610026
1123687
8926
61429
1764440
1926745
1285937
516653
1194162
519406
92281
1982518
1240000
195504
514103
1486849
913077
911617
170557
1191360
1019715
112390
867948
1219660
1196514
794025
1641049
245853
1516322
1074825
1963254
1858537
179564
64217
209567
1086418
1973623
1022496
1593274
196352
289160
176080
1043942
738506
1543560
1194734
182953
1902140
785859
1529374
489628
338866
151359
714173
612832
1072691
936554
1817362
979927
1015456
1721106
958995
1257241
19407
621038
333571
1052322
1585912
344607
84630
1710253
1904242
696309
483717
310656
801830
1313589
100778
331843
1753831
240271
440628
1867474
1241227
1627877
76039
1729187
10622
1717755
1331680
1980720
267954
1145849
22675
1226381
1914102
310084
1468202
975072
1925753
218887
1906190
1761453
1498500
14964
1432541
1294797
383846
526811
1372240
1825685
667325
1340313
505044
1046300
393095
1582546
939768
1140793
557408
1999919
864157
1806889
561922
512216
82101
1161875
253112
1322568
1817670
1286638
739367
135149
690809
381147
473959
975699
1116731
58436
1571348
733331
1794538
1083666
279308
1341781
711713
842017
638268
536118
603253
803573
1078035
1163993
1993934
11695
467335
273286
327304
1695684
1519815
29740
669734
1271860
43579
638079
821499
1366130
710257
407431
1790758
1504311
1326649
734985
315125
1384919
60614
1250061
489380
1317253
1673743
36793
46146
625241
928482
1115360
715533
516429
82853
1562986
485781
954118
1950232
1630535
907998
1490458
150339
79476
59714
1804911
621723
1619810
1690507
1035128
1015736
1416999
826268
203309
938364
1808200
1262081
1445935
1828336
1685494
1921724
898991
1522260
118994
1392659
9704
1604211
1192300
26550
688032
314836
712697
244104
1966079
318284
918951
634881
1459595
1454060
1638833
304723
232602
527685
900003
842054
556082
301239
1503140
1168775
189649
150460
118065
943752
1095189
203013
405498
564368
890072
1619735
1375234
1809182
171286
1005191
519115
427921
1885850
462551
1369256
1599685
1679054
1374501
946918
1925593
206525
1605856
120303
1932230
363885
1118292
1363902
715515
455482
1539180
1573789
1517544
670176
1030565
1830876
305576
1544028
1610127
1096225
1795915
1959334
296599
797906
794640
1287741
1329169
299994
799206
309939
1021288
393717
1598366
316168
490516
1563593
1859278
991039
1495123
1739226
353298
1752454
681754
598256
1489878
1492475
1368223
911440
340174
785764
602097
1764135
802722
1081989
349266
1746734
1325691
931236
210008
201992
1029632
556628
349435
1941848
174168
1229805
1308165
572031
1386628
1565356
56376
71768
1348725
1480134
1405137
1438518
792475
1017314
739867
1794933
456616
1621947
366389
1069636
1216691
1336487
117061
1343736
22275
628234
534828
602819
622786
435979
1277843
842624
1844065
524245
1536701
1739743
180249
46574
1971125
359662
870121
1103126
99121
1702749
1926710
1361325
1208515
1827629
399893
125995
1146788
1059872
1122732
865496
1656986
297328
1746015
736933
1167738
1113423
1225835
1321724
793080
1855482
1628860
1453079
573570
75377
1888062
1578406
755047
794212
459834
1681833
439626
235106
953730
670794
593601
1087501
1809961
1436666
565467
3072
428144
891650
1881344
302066
1773359
263136
1677043
1054085
1607233
815711
1413809
1721188
232987
1670468
1244995
1973098
1904985
1647559
928777
1977610
412059
729653
754659
509046
102512
606296
60193
1705248
872644
1491533
554960
583072
1254846
284542
1247318
696088
1859192
1388818
1686341
237038
85234
982491
1023060
1983670
394500
6779
802046
1294592
339207
440760
1263836
1899431
497448
1756310
945321
1783284
117322
590209
1319495
426861
205714
1388485
539893
1656467
1029803
823795
900717
939632
1793718
523079
771441
1389442
1227213
1807733
882128
1827544
1057063
875320
1964883
1268597
1856022
1235208
202209
1584627
348139
1446853
176132
327705
1466393
445008
1430804
210561
1956152
1529003
1551427
981467
655946
1677516
403848
40188
1856825
175390
1664958
1715887
1853717
1926974
863686
1130224
50547
1908577
1786803
669247
335030
1865570
1772300
734728
1371749
538972
788004
375518
768041
1799438
799591
1248053
32762
7278
1972172
726892
112058
407497
1781288
1030150
1583632
1546360
637695
231980
161327
1582670
1066895
1529378
102613
35406
1334085
1617834
1340926
1420502
243583
191934
1028580
1883631
951627
1488764
1801626
266908
367534
1111257
1536222
1433890
1760008
215673
577484
1792059
1297649
370243
1130056
441411
149905
851087
10845
608498
434310
1749201
793907
1211158
1716176
574141
234428
209490
555772
939768
475475
989485
733826
583845
258790
1064067
1749317
1487743
958112
875785
953103
1699701
1292409
925915
1072247
604781
1467902
518037
941127
1076823
1087663
1381739
1312481
1056168
36646
743748
625700
341500
1387546
1371676
72066
1968626
1327164
1400716
1400314
1598776
172710
1119852
544619
1681889
740725
1212569
686025
1524043
825412
1163680
640388
1392280
590294
1123682
1276427
1551598
58399
1202921
1190602
1274164
152939
1280551
608317
522895
1253957
857064
1701033
563438
1685889
1915281
1246868
710578
46167
1514068
284804
185934
67460
1061881
1597337
1548277
1487751
3528
904762
1028540
1334272
1025317
567562
1088865
116982
1040317
1124832
826537
657652
1358769
1339719
236656
492957
1971739
18309
798138
61675
114611
941810
1251902
995738
1251975
63452
1271731
1672747
201615
1477493
1297619
1576518
730808
1004184
846857
320135
106543
1562222
872905
1237436
1242119
1956445
264574
1112272
815338
1948479
1482067
938114
443834
796357
412674
1927999
1852018
1230061
867504
669536
1159122
1580896
108187
99046
1927623
1307496
684491
1949740
727110
41565
1142826
1989559
1105127
354155
1723194
1248052
1520158
1025315
1359385
329513
1100665
129016
216379
1668927
811060
956696
1332259
670689
475087
737524
1997860
899018
188140
966678
42332
1472467
253994
1220549
1134487
1204305
1745029
185673
1478296
781671
1541294
302904
1378873
359846
717800
471341
615375
1169027
408551
157858
510047
448039
1184893
1006086
163901
619418
258063
1544678
190639
1480789
648743
459634
1072376
492367
820000
1418664
703496
1603002
70592
781583
1581290
54589
694871
1577209
432369
726085
866491
94416
1067311
243064
787617
1175223
1421600
1107237
633540
1001937
1172420
218911
165578
53328
1342317
1116180
71720
1743324
1908120
887353
427729
1471341
1350191
873234
805218
1180827
130342
1050874
346823
1405569
801482
640082
1984944
1023106
1407519
130103
1249801
751769
781620
666513
1547041
1164167
115173
327148
654359
1094215
713429
482058
1530390
947461
1334969
1077071
1268920
796249
1340183
297658
530667
423642
129750
81530
675520
1301282
848532
220999
1272805
1522154
710681
531930
853517
813536
745089
820248
368091
117927
1003649
604023
1522746
1390152
570716
395404
1630061
79627
1475553
676480
716824
1873948
1601186
1591758
100989
76653
1606008
1629063
1576524
1987209
1460176
851087
25987
400738
611817
877554
28110
1042976
1304469
529760
1342881
826714
1733038
1910953
1642342
762910
405051
1660323
456417
169238
1571649
1276128
34180
255610
1300512
43388
22416
562019
872119
1506570
1462219
1969340
1960326
468663
1571698
1039836
302630
222361
1022885
889140
663608
187075
1424950
534545
1878376
1291697
1491015
76689
1644506
1964354
1185332
627702
469663
1861137
1693359
245590
454154
99875
57611
1493513
813247
762364
513903
413048
1432392
573392
1180262
617026
381154
686812
72977
1435398
803135
374297
343935
1832521
498330
1695994
1702122
173438
1503381
138489
752814
290639
760912
1056460
754377
882474
1164208
229803
1212355
1429275
1870891
1364882
568889
1613144
1351675
1869544
815880
1346230
898787
1112604
899621
826295
425291
171237
756792
370573
1827955
100666
605276
1004677
4357
1508851
1562318
77841
49096
983864
1405362
815601
951809
310998
1585918
255723
1638242
1090463
1177904
284341
205567
155086
398165
161749
164025
1507987
1186990
1936481
1499038
9975
1877012
183726
1762697
1341217
1727032
1394124
920983
466013
234657
1137621
1303089
1228835
653148
1266215
241193
196567
648945
1215047
835174
917159
262585
287833
1921451
698979
1778175
909304
964385
651078
204256
885989
1315277
1213513
1135093
1399302
399114
418514
814611
963818
1155424
721980
297351
172786
995918
1974998
650087
629360
1587906
1050266
1240056
634741
1663963
635375
927031
57595
1525416
1213410
1369248
586711
1414570
291656
1312522
1659506
828017
1948439
1458196
339833
2064
1073493
633465
1222102
882285
1086688
1564577
1448489
1051530
829751
426830
1198037
215985
1146285
1070604
1842869
319227
1750071
875102
1140758
136162
202584
665069
853404
201836
1328085
740902
355704
1317204
1580321
1684161
1485038
166560
1458763
1838522
1384520
1604009
967445
1145243
999610
1999577
1898059
1208728
619154
239251
1125950
1804956
638236
168749
1683668
243860
1235579
1242935
1256680
1366177
855808
1764388
839804
1012941
1052787
1864360
1546500
64779
1472584
66473
1175114
1391921
645939
573877
1731874
351976
1681008
1358135
482684
1034380
849658
1229430
205427
199565
34153
150478
699843
1161030
1831023
1869180
1256867
1248348
970422
496587
1622592
1961497
1966550
1206447
1567293
503116
462867
68136
1043116
324137
345635
943245
240810
335569
213555
1739831
1712347
1576352
76711
6436
1623670
931467
117989
605863
309949
846353
23272
915033
1259702
1284643
911265
1057630
148119
115497
1732069
924486
108073
1278283
1060711
1688042
836422
1233562
528697
1134568
386874
1223665
703469
1660722
329455
527047
853554
391904
1776444
1371177
1189854
599512
1503096
81941
281340
1665327
1860713
1064865
1026825
1078276
577867
1433419
1958128
1036883
1467507
1502349
800327
1291983
672994
199055
1617082
1050706
275942
1444076
169156
981319
384851
1178933
1904886
811623
519397
262379
1645982
877167
1066101
200467
481190
1154585
1473221
1618222
607563
1542767
249625
279933
712423
80607
609448
1027924
297574
1887949
891133
1937544
349273
442023
1243290
1583552
700790
127473
121454
1681319
1531105
1653497
1429779
789995
1164989
1812811
518537
1628871
641721
1797809
1723250
309513
232236
1293302
32117
1341606
920178
419915
1308351
1043255
334143
443727
993455
1691660
1549227
143523
318548
58353
810592
1270194
1778750
1421633
660572
1145629
933618
670813
1028949
1552743
94291
877786
808775
850508
254611
294285
413735
103593
1205615
803182
688886
1835746
1953890
544317
662435
620453
704315
867401
1179494
664973
694832
587010
471223
1885540
1490909
120082
536230
1323594
1586328
942433
1931032
391013
1548874
1972629
1042735
1880446
1086107
361454
443543
104422
1810972
711913
1278256
1937966
1743238
834762
1492946
1188928
4884
1344070
232571
52996
1326236
1098316
702278
1149939
431358
1705558
985196
1904914
866383
1327684
371523
1925948
1388957
938886
291203
983973
287285
962031
1192795
802307
1730350
714976
553589
475764
1414998
757153
1852732
1176316
1772761
1886062
18664
1958921
1082927
1267359
1283344
665765
814373
688010
659021
722503
1993606
213201
954767
456291
342900
1573456
1531856
1536259
683212
1851650
71865
1715745
1063016
1252698
120851
631430
102229
830727
587957
542702
1194703
827982
380289
1409463
142499
1381596
1450283
1811656
289561
484505
1614877
548613
1310703
179282
1603300
947687
1811265
1813739
374996
1694743
1637618
919496
1746440
1304579
1229675
504714
165311
1325744
723784
149444
1514078
1812304
111622
1910046
907003
426560
681415
427732
1193344
716001
1342390
455635
1083749
928173
1779803
1962905
310141
330475
1457468
1774141
254635
552763
1929608
1645697
415463
1116678
248708
426361
732889
1644391
528659
15899
455776
805631
712466
1743361
1522772
1335163
1985354
567001
1674981
81564
898590
79411
1655796
1821953
1151649
270815
1682081
1782734
777386
195800
593236
1227767
408241
1822217
1793617
1740192
100339
392451
1571890
135632
1383803
406953
1221482
233177
1222582
1026308
296297
318589
1114136
984915
1233104
1587732
1262190
106678
1580685
903603
645384
1968123
812343
877083
840239
1347195
1522736
253233
740340
904001
1289439
394753
1901836
89399
1551595
739465
1379065
763851
660773
1856568
1610769
386703
1518443
690284
1981977
188477
1823078
902524
1586583
1753418
1689580
1049578
1563257
131149
1839379
1186294
1771653
181667
723510
1469203
1802831
426912
568171
1523573
1087295
1691441
803197
1281248
1206422
1461437
84505
603292
707536
1936797
576490
1356930
992642
533079
227389
1017365
486927
676419
1804795
234690
1856978
715973
1621932
1051433
757842
1985800
1057527
1779863
962654
542844
604025
660243
775523
1948398
1737491
1102477
409527
444926
204771
447311
1900164
1310121
1838681
1156756
598061
1981224
358744
454948
608269
1598119
460276
863438
1242980
624778
956161
389307
1944411
1841811
1325500
829480
1261003
1364024
1157907
715658
608743
1822288
921503
1618382
1182136
1636390
1689314
256627
605072
1094611
1897987
580582
1858148
1273188
1696151
1370174
335466
1344424
289455
1107309
146037
1581627
1106586
334850
739854
1448508
75149
183589
1039375
1171385
1487241
1235218
272339
1733738
518892
973375
643569
982083
558043
1068907
245689
1929004
18579
1466098
492071
1805506
678558
523893
1093429
1557943
1273097
772120
1065757
38887
1837829
1447690
1686816
1515462
1695165
1146939
1289550
585457
338808
106680
630694
1614219
1004139
292925
1720906
399356
790616
24534
893669
551637
731773
210759
344436
1250524
328993
216161
1667559
931093
822145
1952814
636793
481506
1258414
1541615
737695
1538109
1584305
887456
577113
478895
74225
1195865
1864756
55303
710197
1452877
233779
1185281
739205
621493
1523548
1113320
1158358
1445264
980397
203847
73863
1817128
935388
647241
1440334
1231368
490627
606155
1839800
720581
680778
800812
518841
1794401
1406560
1173878
922392
221653
492072
585578
1776842
1552505
1587642
246932
482266
1398537
948982
391105
1132160
552397
351852
452537
1305865
129726
121299
730657
1328819
343337
215037
1590532
391113
1754873
1565886
1940414
1087012
1365384
1905147
1497190
116418
127689
1529285
1924931
1586750
845182
1155771
1299681
1570232
901257
131790
1177240
1014615
563926
1579641
137934
1812365
665502
1345198
161265
839023
459539
1316756
1881833
244586
530105
1738786
992911
1008212
39150
180433
1027196
24961
646888
1756526
1451347
1817485
1375565
569181
807782
749976
400375
919704
1701469
1343371
1626833
1236649
1942547
1394408
1140389
581785
519329
496327
794446
7204
526996
731984
1768246
946924
1637558
1024571
221748
1495232
784590
767034
1319412
355820
1638186
821047
216962
1294092
1804692
614840
1136596
396012
1877657
1156785
1962001
1056954
496474
1834996
173533
1844399
1900063
548527
31487
1069899
289066
960721
1773025
814585
250310
792513
1267883
21583
1132083
1707073
138635
1582853
579011
1356864
1202427
1030774
1220546
97691
177515
265491
1187806
1458894
1422287
877926
581545
447692
1670734
319178
1072984
1002103
478517
1117957
915498
211468
161244
1204282
1446522
1786972
952975
1316914
1300127
1483526
525923
242237
1492256
1100273
733788
1512927
1805754
1069855
988206
1756753
471911
359827
1315948
1814290
384704
117640
1129300
1420346
1143716
238042
1252104
424730
1412326
1355551
1200571
1969626
1309002
1278315
895942
247938
1765791
1851249
191642
1482163
705055
1059028
1652551
1486127
1528198
1418425
1894341
347872
1872154
71556
634275
1126023
1265046
1142847
880336
127532
1327559
1150274
1465367
475771
1544242
164093
1520680
1585790
202894
338272
995619
476063
796882
339776
1730649
327744
721364
1727166
1135553
488846
1257473
49999
1970053
1941224
1181430
141402
1407893
1380116
508918
422411
1447369
669066
1468344
1029454
591566
1242767
1611966
1541173
1567923
1941341
826425
1584634
1729065
1429483
1021878
1427470
722656
42670
1486263
1958269
61665
1484240
247465
70761
1833305
147643
533215
461694
1911964
328560
1589315
858427
1834625
978496
1442765
1702682
36673
1838131
399191
1937567
1129193
513266
722309
1906000
46907
169464
1845426
873571
1969267
1622401
1725994
1276207
1911853
729468
423883
751238
547707
247940
651497
1731135
780200
1436907
400831
1441760
1143546
1876090
895073
267956
1548520
842742
1889705
290709
1103296
1101825
97125
809004
1958719
1599013
570866
1399174
282734
344921
48693
512707
1599914
853235
394955
33420
658532
348595
890110
1092008
799561
1413414
1175766
601771
732583
301833
893229
468517
428356
1975608
1211082
1995827
1953186
1389983
473656
445439
1317570
1905503
1945316
1456625
434792
1862500
1771324
1162916
1712527
1114855
36473
675619
1876909
1081923
1479554
1902751
1001139
455827
1662656
984048
1863060
141510
1313774
11123
818092
155900
1190145
1611684
535449
1752296
1836376
1281965
458477
320786
1958220
826317
1595071
1531153
557815
980160
1580241
1668819
498144
28326
833452
1643122
461082
1658988
5274
251674
1454179
406530
367446
1586746
1616089
738566
252403
1915217
1753666
1021289
611975
208473
1645174
205184
1935497
812954
789555
1193421
91347
1608050
1048536
1303848
1379002
1514603
828324
390214
646810
275773
1294765
1069616
280267
798158
595478
635569
297629
1199036
1864871
415649
1709503
1991273
749857
984934
1118780
271802
1504782
1063806
1677852
362238
1604767
1669269
505863
1937725
639254
283924
1377101
1609166
572096
52552
519713
1927956
983837
483080
1806905
850150
205243
477123
1658222
1669323
1976231
872435
1142670
1176570
1289955
1715389
373922
994353
768473
1529067
1117652
1746402
1545882
719917
1039669
1193030
790691
1170792
1670891
573490
1034415
321680
285353
1532592
272260
406832
1535167
645294
563761
1073322
13296
104678
371820
510593
144672
1508983
293871
1126988
851109
1091070
602476
471157
669797
1599387
568505
925656
1379028
857754
1582258
1067839
1588061
1744818
181222
456200
1596317
1249672
1664411
1092007
124068
1678099
1313226
302397
1363825
1281545
1900770
1942559
1752243
1267478
1626931
1571064
184156
1792027
768492
115422
1910016
391876
836956
1250098
61896
867834
510846
246572
500671
1020580
736139
1990002
1104282
752049
1209744
1991039
95223
295169
293711
1994443
1724149
139140
1461882
1848626
1596606
212129
49137
1715597
1895165
577635
753890
1799565
324894
1585909
1344700
520075
1068482
1964066
906975
1377060
92034
1155315
1468477
1492499
970313
192824
1702174
12282
1329862
603343
1901423
1979557
1023948
1056749
374772
954633
1875694
1616999
569433
1618539
1301778
1591874
1007395
9607
293756
692741
998215
129124
1435115
309894
946507
1397034
101456
1860565
1745840
543625
1633435
1562256
378052
742257
122001
33904
1650572
805674
1081389
151544
1575292
769388
1606191
1285962
1063985
1373712
610819
851027
1752626
508236
641064
108957
1532071
438053
161771
1881032
1131212
67969
1134230
1256777
697096
545046
1384403
877363
233544
382600
987142
1878564
790855
83548
297926
175264
1318933
504399
1688883
753171
1188944
1331120
278652
95176
553599
1397192
792761
220586
1612559
666055
937900
550516
40902
73134
1788459
1330557
405737
1965259
1302574
305421
901183
1241570
1039006
300070
1838550
109492
469912
1774910
39224
632984
1498717
349976
1186489
1859251
1568574
1105225
1398602
1780790
1940721
846378
702529
1147097
276868
1010799
1452816
830580
1069230
1449199
1060434
433130
1075665
1649482
1753739
490085
985300
608365
907010
814325
812153
515995
1946959
140040
1886949
1185833
802721
548208
1468387
1223530
1507691
371234
1789862
1475224
1825781
1771072
1999144
1008320
1482682
1131959
778886
1377230
1895037
1325477
543731
440615
2375
880734
1282234
1913049
406263
137248
1547688
1978754
127439
25546
1438221
1142214
1058297
566576
860522
752392
861602
1797659
11781
1618695
1921117
557103
883989
524756
1217571
125091
293389
1689654
1380384
1085492
373397
1938589
1021584
1902353
418492
72677
252177
1662699
1078738
1874766
1351000
724962
303848
1623487
1800673
57481
823561
1307965
300173
1393871
809481
448104
834410
1911182
1737859
1099280
1503064
1349511
712169
763970
374366
1903468
286778
1456232
1371601
607404
900090
1568637
231075
1419954
1699924
1133109
363948
484722
1048832
1045879
1110869
1801363
1420041
1154811
1790255
133386
1305123
1862215
1915782
892071
990933
229081
1327300
1373542
537333
1717076
458820
1543448
285554
721536
806228
328606
1330987
1128253
645913
734290
123598
1142078
1864880
1250035
1415997
1761006
209869
694948
644554
1607724
1847348
1764602
1813772
1995234
1606611
104994
203357
1330322
735617
36082
255324
342263
875520
1530529
1297817
1001226
791301
902646
1858750
632939
405066
1352714
230162
129544
1623593
1619460
24141
493206
1343370
1312207
1426843
541770
1632242
430560
1884781
483549
699083
302222
1291653
804345
363309
387559
128982
1582326
903293
745640
314830
340136
1867390
851716
1901422
1081893
291664
215266
1404942
792943
1674376
1852210
1545719
1339642
1549663
1140951
59814
1299116
456265
1502483
1825559
1180542
1391223
1427603
1728234
1798212
1392810
255109
1289065
1493907
791618
1668797
1280971
806531
830454
816696
458626
278532
743525
1346091
1320667
93982
1949658
117127
413256
1014038
339968
529277
1114087
1080817
1141165
280133
858073
650770
329359
1688699
180822
106428
997728
1137764
213595
1647796
640716
248722
1716243
713531
349286
1909711
516111
386773
100725
1143635
107963
176399
1426388
745796
105464
268228
1272768
1572491
1056525
1475697
597179
1339388
260089
1718517
1955724
639272
506173
1452212
191522
1492170
339787
599406
471781
424395
1046608
540770
1938740
961281
978251
1710407
1639617
234263
1650425
887263
1148620
277174
1534950
1226855
175899
1628076
456705
1730172
28548
1158016
836053
874689
159181
417946
750124
1317843
310377
991715
40035
945524
891273
147195
948602
1685487
1765464
38943
1782190
444903
1963638
411263
1022628
584993
335455
1193471
855440
578017
1143335
287717
1950999
1225006
900704
217920
1519229
1004584
1312358
1614921
47181
295997
64941
432848
1245328
1950313
145245
114794
1872304
1599034
1027640
672807
1099942
128802
1682375
239064
1777902
1558183
616850
1491405
436588
27954
1599543
1024406
440020
1702593
242370
1369433
1746320
1536904
1140643
52812
1266034
283161
649781
991574
1256321
1702495
18578
1556435
418628
1609342
471886
94576
1596615
1788591
341554
609117
1321321
968630
1259434
1168124
893770
1903689
1585413
473813
692835
657351
530939
1645236
1160580
1341695
1064509
735804
958800
1796750
1357666
1617330
895434
1927279
1018328
72583
1286585
1031169
467372
1098883
1117643
1235923
1829799
257247
1982778
463924
666237
1367643
1772946
1355688
310444
1825434
1017340
1764909
1856583
1020445
1173244
1366069
669749
1034372
208811
1792938
1277124
1499087
1835676
8200
299342
1043933
1340590
799836
2895
1531467
1520157
1465037
1879220
913810
1367292
962443
1813734
2534
172294
786254
950193
1564610
1543909
1933220
57771
578517
695397
19087
244682
1350920
39673
1156525
1308687
610089
348137
1838224
729484
1363382
398775
1735717
1420295
205037
1189131
1950014
704185
1599764
111646
1384196
598458
670167
469866
82802
1045498
4394
812789
553341
1401767
94784
1787183
503689
190714
1372328
1414668
63737
624301
603170
976547
1141523
1538966
781563
885107
917887
1842168
1988136
1237434
1425048
721230
987597
1234263
1368895
1653515
1167289
191653
1272070
1827333
1368335
100283
1447623
1081066
1650974
1846064
1698958
951155
680815
1078438
1807551
1488224
224217
451527
1558227
879957
1484905
506547
1234626
53605
788820
1554216
974332
1805983
1873269
759997
1926344
855486
1948567
1190702
1629139
1876730
1368330
1508466
1004024
1308490
1791942
680418
143586
1348258
692045
1050922
145672
599721
60638
1960672
497757
182485
708039
215349
722558
1507821
1267012
179733
1619235
88953
1463323
202099
1500619
1238004
901886
921617
1922179
1114353
24397
1567176
1079084
1103054
211179
1342350
855361
418355
838742
1606777
1835991
1686868
829168
1431605
686987
402208
1911749
1083044
339878
576882
360555
859185
505890
229724
708465
802990
625745
1300851
582589
1982321
1252381
197899
75617
346010
1660990
311200
1394764
1224236
791208
712821
227300
1843197
1177708
54805
1981560
1317654
811244
1347052
1578967
1888069
24783
1060720
91268
1080286
1929767
539949
718977
1628883
1611295
413492
1075906
374752
1325351
1647667
603885
96768
1672554
1647724
169977
546340
125007
1735710
720092
964536
1695002
475815
674860
806889
1812795
497085
1896747
550761
877229
1525207
1877117
1611451
1746986
1690517
848444
1781013
1189628
1241174
259566
609886
679418
1210547
984172
533493
81247
1970558
573014
15428
986355
1251944
231009
749358
1678001
546262
1359251
1950859
677504
1965500
1077583
1241826
789845
1204656
1848879
406087
427691
649935
73789
1199636
1392000
26072
1528653
81580
1843904
151646
1630950
431491
1387191
560853
134714
1774999
5049
966149
730114
1384863
394769
560000
1147838
1660387
734568
317236
187863
508889
288142
1042376
1421365
1031194
1008124
1484846
1532126
103167
331048
1541913
1701392
759153
1274401
181187
1332935
243139
1645298
1238800
1019422
149830
383266
474660
142846
14393
916077
1013879
753787
1813775
1482123
645194
1509719
347626
615881
586869
103442
548921
852354
610587
1466574
1975279
1053555
1487666
195785
847182
1815339
1191566
1326544
1366766
99392
456120
631017
1319042
819868
1331230
1452114
516387
266512
1665506
844093
697673
1278251
355419
614310
1801992
688000
1682183
1170615
53485
777081
1477953
986015
754702
916266
819910
1475255
808464
1506705
1833969
1173743
946077
153597
1909381
20526
311069
1957592
1281669
1369591
1321275
1974127
1659963
1480212
1654029
1181493
1811892
256473
1414998
1973108
155023
614496
832208
658698
1463171
1297555
715827
1018420
407057
1528672
386385
390775
602415
1483057
1476872
1645103
553421
923549
1946236
1668364
665365
934142
960020
85279
1501398
461343
144473
197133
1797198
1664775
175642
705172
528154
1093225
725230
134871
1495555
603528
1113709
272017
901042
245227
1606354
1079511
1139831
713175
1861519
1058198
658170
1247404
321852
592457
1971503
647570
758055
920485
542494
187024
1876625
1571957
1174808
1006127
269295
110647
1435337
1220471
1326533
1761393
1333896
1688469
1013945
507985
1003429
452320
585410
1526278
734868
957061
1747212
506062
506176
284923
1949600
1116987
281066
879563
224453
834184
1899811
802092
1721462
1229310
1565922
1482667
747731
14208
1956140
566380
1816813
217378
1195003
1266709
1887119
65584
681855
436478
23262
591954
1080453
1133361
1478073
1747499
1873106
17821
1951689
881705
1154176
1086011
1240968
1294492
1808921
1839226
1346013
1466997
531909
892060
996445
1526593
747019
893498
550133
858221
428430
992939
876955
63478
700403
949082
1843330
1625322
1190846
209478
1992368
1259823
1230824
1511007
1070700
419640
27965
1445307
1235569
1471395
1290770
1652126
1471299
87819
525243
1369641
113658
77915
1733436
948474
1739720
693305
406035
1032140
509511
1733330
753748
890982
1344399
1468810
1460444
1224706
1742162
1103721
611254
1390419
1474796
81878
948127
637703
787299
28618
1914550
18457
1960822
660667
1320820
94705
346836
75173
1700649
120734
1551367
1557029
406272
935980
1961431
1744729
940345
1848959
1057079
928536
492249
616291
519823
369421
1437847
1567437
1693961
84379
1712613
1358324
1696442
86144
1315829
1765612
168337
1258789
1192368
1130031
1685261
1313522
1656473
1730673
1643232
1108520
964268
680310
799854
1865275
888340
1604668
1829774
496968
437193
1483554
1644292
1612468
1253227
236853
1482354
1729701
542010
157521
535805
9291
855842
646369
825047
162760
1789454
1534183
296228
674625
436205
207106
287892
558623
1185480
1405442
87056
1402220
1430347
1108867
1534158
305125
852611
155423
412573
968185
675069
408087
1327483
1853903
143722
383404
818114
624808
563283
1136896
1658684
99914
1378352
1328138
1549676
897801
950232
693152
356083
1524917
267781
320606
858839
669449
1502797
709047
857440
1126880
288027
585739
70642
535353
1791561
459814
1137547
1982120
1640370
142521
119153
816808
1704239
1186836
1057831
53944
1175037
1149800
197448
525691
849143
1128536
124602
1183485
1112178
126645
1107520
221087
1247470
163484
681852
1523572
1288092
146416
1690157
868394
1215266
1217258
1952758
785707
417074
62432
1920898
1812301
1453185
162450
1273167
664818
1826751
672686
779567
781404
1532408
518839
370448
502096
1267842
54050
1959376
1074602
1027358
1755456
1461265
766247
1120883
1186420
128253
1897506
1804240
1907622
1298808
848508
45010
1825107
1162147
1149466
524659
1684902
1788762
19503
224485
728127
1672130
401606
202007
832604
1743937
1775141
1784519
542298
544303
1178806
1652310
1521436
1967653
314166
1435931
364492
1913606
1703564
1041391
211467
327542
271639
1604853
1368453
283770
1300067
192341
1853111
310117
1293122
149176
780688
1379034
273941
898990
1467915
232636
1561342
364696
642699
1342268
1085236
682602
544573
1008050
199298
1936527
593716
251158
90704
90357
1194980
1769429
717458
1046321
404833
545854
1027758
1663527
1309066
1100545
172076
639134
1746144
380426
923123
1498409
1211857
701952
439057
1270604
783534
1404448
939033
1625803
1243875
1193859
1062960
15954
1988358
1211711
438500
281177
754260
713581
1900123
1338694
609608
850498
480491
84326
3829
480307
463571
1830297
713432
200050
1207646
620314
87055
1225839
1184851
942993
887849
1006823
1970493
1380190
208125
1642407
431788
1707688
1921095
966079
1914282
101929
741919
1634383
1085917
976763
1862468
10266
843058
1909138
528004
1374520
1865599
1704114
699211
962237
1049304
1058439
948595
667148
61359
459178
1703533
387795
446307
44421
1209069
630857
1059605
754318
1802389
881287
1786846
868931
1314473
792538
1181806
813852
1874142
1544001
434749
1826494
644883
1045935
1974083
912728
641558
731320
535801
148724
976287
727939
1981380
32246
1237728
1874360
1751763
123555
547447
521230
228917
181530
594072
1804306
860239
630997
1484641
569583
1289531
904061
1244731
55487
1832147
1417516
553717
768826
926451
1483929
1088641
1181062
1755035
1959840
1846008
883759
1646765
1741878
1564641
1587993
1550767
389740
146985
1263300
260724
1291410
848179
462590
1638164
743075
459294
1153799
207753
998791
595189
347755
743684
1491876
1396903
899969
6370
1608328
1364098
1485751
1825644
1761757
305692
292385
939655
555640
870641
1779279
888545
262169
1599396
125272
1717799
1158896
1976559
1827065
1509759
1555093
477867
851337
336903
705965
708585
151364
1097559
1436312
1354301
711078
1589166
990825
1270170
1727773
495029
1190915
641735
694006
1321267
1827181
33851
1493219
1052025
92986
1917540
757755
638901
547318
1966365
1830212
104722
1153208
321984
1631108
558804
1254373
1914220
785263
830644
1301448
1162741
513539
1096202
1123921
972437
1083941
788531
1266906
1215463
1042083
598915
165273
332172
409207
582317
733236
1021990
1356191
1195531
516530
496537
1772690
761440
669953
1871575
248034
330119
289944
550480
1973884
1766388
218308
1742682
209590
118458
628728
1306188
1377304
1535627
439150
1126306
664091
603806
1876108
1130986
784170
1775795
685840
32207
1619171
586305
580696
956578
1242172
1791241
1932772
392993
1413967
1381381
651532
468850
1110466
304812
1456887
671458
95630
828952
1370777
32423
556273
1713530
57776
494546
1249970
1476993
114984
1749373
1345530
529145
1371720
836786
172305
1983754
563464
262989
659204
1714455
1166328
1807691
1576225
1282561
727237
1486389
1694627
393577
287481
1684900
1003294
1036990
723073
1090914
1671718
518559
1716635
168555
1010496
456231
1165236
1042409
214032
1364912
549647
1701328
1198355
164328
1301450
213965
1034547
1839076
1733230
1184042
984416
1536691
1853013
38717
578024
1740699
1967038
1389138
1116582
605050
101868
1773394
246174
1259079
73495
151267
16448
1748054
1250157
1234010
167867
93885
849057
1517924
1228599
702762
1184819
648145
222182
47069
1661695
1684993
1462289
406657
1991635
1565308
1070887
1960246
1796773
1882607
1117246
694967
383265
538651
231345
1155721
703636
141359
595228
283279
1067965
1069311
1807365
1318334
771418
1438550
943055
1529075
184304
1640402
797324
1394902
1105688
1594548
366499
1662834
1097227
587469
169586
1484417
352252
305875
938623
885047
149924
1849175
1952769
960256
1588835
355531
919895
77702
755624
882106
1237753
918451
1012654
297914
1628609
1151686
1144672
1147913
1820015
519800
1748826
970034
1709234
658872
419774
1322638
170352
166941
1540619
1552634
715156
1636231
825321
1019344
1385961
1086457
600538
1813919
1787437
148788
1777710
184344
15055
1348481
1020402
749644
730104
704275
260212
954855
1441393
68217
1672771
1341887
202712
1992756
1150835
996816
1657947
1568705
641157
1123918
1854086
507859
1080110
170344
250321
572084
1326161
970128
1331482
1535425
1696059
1874817
776474
578704
117026
1267585
665204
61920
232351
913528
956795
807488
1090833
280595
684287
503795
299084
359270
1352144
1178906
652717
279703
87486
1501805
1419814
735906
1011443
478186
1055641
10657
1799098
1762934
1162437
1990702
1903421
1357385
189258
761442
1326261
902303
1985796
726795
1407259
419086
1048302
1766088
279172
1485758
125242
247212
898395
1701371
675041
365992
998917
1157440
323615
1657700
270880
1494052
1946200
1242170
749777
1510421
33719
1050199
1450586
809588
805196
1401772
401908
1522655
1306442
1005416
62526
187278
637556
1331864
648898
437806
1146794
308483
1483326
985563
798527
265575
1284279
1831823
1601037
1274430
1587374
1675500
1740716
1814884
682877
1919500
1938297
1429500
1165304
862177
620692
1096270
525573
1863938
979967
44717
1265488
62392
348166
1437102
1853281
342471
589841
1222299
192502
978827
915723
1309735
990063
613583
977390
1968277
471803
826561
1719891
401431
1479783
172564
108414
955717
1785335
619132
499715
1855442
1439895
1880810
370571
1598110
1157603
1408065
540196
770385
1510317
697091
800921
838330
765448
1659126
1828095
1223479
1454148
1652849
223501
1341410
464914
1497648
1734763
1560386
1588381
1443861
1562585
1408978
807953
1608101
390540
1447086
411164
523757
190673
877416
1372601
701377
387431
685944
81350
1960569
1216360
1787403
800786
1483188
1269544
1367875
654160
48734
929034
1162784
92787
529268
656114
1249365
99489
546514
1918511
1310502
1065530
1815198
1630829
829659
612442
1013389
1166161
1587543
363538
714089
476433
369789
55820
1711799
83984
866891
863089
470049
1744267
1939499
1501006
860230
235773
348928
84653
604536
243966
289852
857564
54174
379872
1440190
279369
995699
164698
1639967
1268988
233352
190068
720665
903440
1334727
1876670
1669926
172073
1253874
1908383
1305041
719395
259014
1351214
1511046
377604
465860
948507
1700128
1415198
391714
270616
368203
1367222
1089052
128503
1119332
843629
33423
1119363
1359699
9738
136237
967372
562251
1056698
881568
717321
715635
1623835
1746823
1454236
986698
1078995
1392378
1721232
471852
269141
878937
1336787
328286
351835
574300
1640583
1052637
1285665
366450
1933221
738077
1863057
857917
1308709
40664
486047
1982576
1902619
1760600
728509
994135
554073
636815
743786
355283
1510905
1923937
1579405
665606
295576
1845530
986088
1191604
1670438
1017019
311764
252729
596253
1619457
1418524
707509
1218995
661178
196701
1610046
1609497
890851
810896
763430
629569
616918
1963867
1234488
920843
1197994
1950443
1737099
1319671
704285
1931964
1646176
1595159
1603400
495002
1522697
604792
205165
1229509
1431897
794196
1196498
95018
1454109
1208554
1147159
1978027
1245169
296687
156539
763427
23410
300373
822012
779762
380610
1884533
783208
727078
1849055
534768
953392
758518
988071
27235
647293
915288
1797210
301738
1508148
1616339
1391179
654962
1797230
894092
1814304
1195983
630774
492785
1224728
851143
506136
1948980
33828
1801643
166145
224159
1637100
1886523
158703
1927121
110167
1032903
1756380
1830165
601018
1604908
1630149
1391060
439858
1718589
720234
1194428
727598
1757828
1988893
448166
705314
1472980
1421981
1965452
602524
1916166
1824070
294807
1219436
1007349
1610637
1087014
844619
1894692
618499
475085
351924
1603583
958557
1954485
1183188
285365
336917
562430
719187
1300703
73148
968707
1092289
1998488
866284
274926
1196273
922532
1488415
719803
33834
192681
254889
644637
871634
874812
534954
698087
1796790
882879
994627
640129
1367592
1206873
130396
452405
370892
59662
217220
248634
952628
94556
868244
713184
220273
434782
1578465
1870610
1598583
679848
597442
1140513
1844009
1728536
1575647
1093285
777035
113050
1389033
838788
912763
1180689
1203410
201578
950681
916329
255054
73639
1848507
1782654
1691134
746751
1996697
1101742
506634
1332744
1723086
1564466
622469
516788
737605
908805
413886
1216619
28727
755841
1127478
481287
1277676
589601
760264
1554941
160854
555641
661349
1616340
1650004
1394938
1461665
744544
296945
1918507
1578085
1664977
36970
549498
1865264
1247785
1989535
321848
1225292
931938
1359680
639237
711213
610085
1031928
1985219
1931442
136934
1369839
24336
1380226
760579
1738454
655492
1715135
1898640
265390
512017
905323
904254
1025194
1761338
1230215
1516501
543604
357354
795444
542675
739357
1557357
106438
1170016
222162
1231203
202702
1294577
726770
650384
618991
950065
641747
328846
1417263
98929
654916
1847122
1409669
1274286
1083533
486218
1327437
1633312
1650607
1989868
946405
676623
1515645
1665477
147581
1366737
1918720
1493658
740830
1049614
914852
1818546
867199
1223540
160839
292700
311995
1557892
235051
906511
1117392
1167647
49276
1454338
1344124
282057
963579
824386
535885
373098
759525
1936838
107504
360215
1237513
660339
1959313
404650
215989
301753
1965460
1824403
777632
638095
1870979
39495
1969315
1789021
1033328
869611
635128
1323133
1646259
1064142
789248
571569
625863
1896640
124765
865174
836236
73629
1359787
1427286
144023
923549
1940239
499810
198192
512230
1982396
1052705
1951281
869808
1134375
611473
610801
1467257
1658133
1017669
565014
907570
737379
1252725
145983
1501814
1648191
1246156
701379
816017
662975
13067
605471
1722958
774639
1352625
1604359
519718
191981
847187
879612
1333112
880159
1668280
1492957
1130275
1262635
891442
1907323
1805741
384025
225088
1702591
6337
1623519
220015
1897023
1679052
1221279
1943767
627923
387685
121332
1392080
861214
726727
1509972
762199
947273
1704336
849837
1598766
1062291
1444460
22547
1022036
1494065
1480979
692062
1114487
1422289
1030624
395458
1482030
718848
650198
1388028
575506
280951
900844
195221
1111026
123057
1327568
1827216
610461
1731046
1020016
858810
1814153
1926880
1626926
830541
1735628
345139
1138689
1026354
1832820
1447464
1830752
16607
1750039
58411
1999802
701515
650448
499812
881029
1828490
1239304
1126357
872862
1004535
482865
1719030
656885
1205429
51166
1109075
669088
551796
1163073
1404636
298244
1923874
783658
1533922
1741756
104757
1414596
29557
958193
961969
1432674
246661
1026894
741874
1947614
465466
700932
386033
292447
1329859
1993231
1333154
28944
205346
631089
864480
48446
303641
967384
515923
1492
1027653
1345018
610514
1258777
455892
776883
922635
1205295
1981308
1361448
6841
1144663
1275162
1161266
1264102
345825
194173
1417593
1185697
1612976
1625554
901084
337026
390945
36244
86693
140206
1032132
996459
223467
1904486
834131
875332
199223
1649684
490857
1878060
1354686
1288270
1382893
270551
1131893
1487254
132361
241387
816068
770226
718188
1960810
1055074
1847161
705446
1049583
594306
1893002
1717269
1011400
647787
1828134
1220059
1576450
437583
1188614
740571
1095123
871502
233984
1130058
1839004
877133
1814569
230376
1131795
363417
1782390
1611970
1753962
1819801
1856640
566271
228781
1258855
1452649
1395301
1762295
1002358
578888
395591
1816091
57162
86819
986954
1350792
461346
498630
1389207
281925
1863867
253843
1989216
612126
733896
1757622
320837
1221521
111346
1337667
821209
1764873
966004
1165847
86351
1469269
1720521
1310852
1569618
395424
306780
527136
1713238
904181
459987
1359499
1059412
1703685
1495488
837584
200734
451255
1553796
1189026
470669
1217091
700909
334945
1087384
666026
383464
64207
564500
1102601
793141
619903
134386
1338122
1101057
1592298
1998027
897457
1284527
1418802
155059
146037
1290521
1157308
72922
393703
984449
914506
1278930
1319309
895152
466632
1573994
499873
701075
1445518
154150
1615605
498969
705709
677279
962022
1514938
838095
802986
1427448
1588258
1115061
855728
588401
1984160
556899
1329282
1246500
1226468
904162
1792275
1907614
288520
936059
441983
1822605
1423598
1168906
1007391
1484606
428651
831380
1075457
1102318
1239034
589390
1711164
1568462
230530
1817144
989368
175526
1514780
961914
806035
1387984
1357758
864814
738034
1205336
1223557
1348919
1149524
1390349
450630
1025976
1975033
177011
211151
466610
957595
746345
1418398
1914180
1738235
873512
1629782
818726
1180423
217950
1605209
563334
580043
1840698
391466
566237
385145
1291177
1054948
126730
561976
36979
608112
1846742
1613432
46351
905826
125866
1208324
1148558
1148262
448525
1578394
143726
1921480
27191
1736195
1180220
265850
1175520
1204632
1862536
1048053
1813155
1441042
219388
680980
465787
860169
199344
1672763
1484003
1136309
1237382
1360630
807624
1377962
1249532
1546709
955571
43298
422850
1883830
215700
1883081
731579
1826803
1492235
1538031
1213291
704537
415798
788330
1846651
1246314
1027316
65571
1584214
1038741
1743873
1181184
1241729
324950
274804
422185
1617709
1024629
173907
1173485
83214
1064978
477580
388952
1143681
1680244
1277811
647514
1543794
272774
118891
1058028
1027371
1989587
1406438
10448
181980
1487453
1738610
788055
29248
1215257
104441
446124
519509
463312
1267969
313238
1984668
880402
1821032
677710
978927
541824
1194724
1767561
1217269
372551
134373
38784
1860823
1498191
541320
654476
1519484
288467
790629
1391385
975630
408425
1873416
1742546
684657
1195673
984549
872444
786443
1097700
438169
1102130
334532
856534
1604512
1174549
1443855
1929038
1898913
1179591
1415842
137556
1195373
1742698
1337899
964605
84693
833076
1038335
1451159
1516597
1515917
1826834
1589639
372346
232810
555067
1371300
1524681
611085
1252219
951321
1164601
1234967
874614
1599075
1469607
1023439
759074
487092
1899394
81522
353659
1088331
508535
638525
741479
898228
1392324
831565
1796950
899438
451431
880706
1895579
785590
751477
155741
317763
1748121
382290
1842259
374900
1531507
1069825
871155
1136215
1687728
1545766
1326737
1357668
1812112
1519420
947895
140755
1940106
730263
555844
1559458
349107
1089956
1552746
1359268
976646
1189756
1570723
664372
1509403
567619
709801
1219738
673094
916560
252000
389827
1282821
1293022
1223096
236900
1297279
962990
1253378
867945
1213949
1962260
1573515
363342
1184713
1521657
229094
1917064
898746
240475
1322704
1487262
1927051
34562
1402757
1879443
250147
743671
159202
286164
152797
46927
1728052
64519
1000570
160898
856332
1875224
128322
59294
1602324
188097
1224642
1929105
1505442
220910
59200
848889
244046
859451
944781
1989793
1124540
772687
1808638
155205
518416
303983
862969
1282096
1110256
1160996
612013
1095023
1641571
1929919
1964563
406779
1990842
1062870
1253050
151080
764059
660747
1955534
564748
1205232
126584
1861638
1877452
593060
828034
1830834
1630418
1763437
712508
768145
1885418
699932
1138390
476878
1487251
551561
1828057
125732
1521580
1714766
935829
739195
1587213
1468229
56738
186172
1114047
1002440
778921
1185657
156835
1670280
1454705
1519508
1850631
1917640
1012822
822022
749625
1086524
1735112
184065
793659
1456065
146012
1357880
16793
388576
1500016
263671
1347218
1330231
1061835
1138739
1229873
1959362
1944308
1816939
1068567
183958
109825
351220
1388539
16253
504305
538954
379558
587943
591344
1405796
1771560
59117
1950727
358363
979237
630031
1744885
1892314
1591513
783020
912859
532136
634024
1014624
681328
422474
1108392
734922
1643424
1560961
528161
1247168
598377
571165
121756
1358351
660505
1241376
394766
1672465
886446
991309
420924
628509
1316325
1829357
1557277
1613250
1225341
492683
84629
573140
1742029
1897556
612778
108337
546449
971188
246231
860459
793642
1093517
1297048
69438
231619
1278866
628562
886789
1542844
1301387
698551
1769556
1741030
1551227
825096
471250
1917462
1736768
1983363
997649
1600657
183714
1894883
1514114
1456195
926089
671409
1329767
1967468
1496996
498727
1569871
1636978
201054
921264
1633214
101656
524393
1100909
286603
936820
843999
779091
1178581
802999
1958123
36759
582050
1740048
821489
1142124
153449
594722
1334290
619670
1373148
476584
1120026
471078
537253
69827
107677
928866
1558215
132283
1684888
1895088
1331762
76382
381829
642204
980509
1250539
1409429
796134
350353
1199294
461373
1412554
1524595
962516
878692
748258
88434
1725328
100934
786131
42803
353086
1154943
129768
1787891
139817
103500
462525
833463
125329
572970
1229706
1947529
859119
1948355
1360952
977711
1243232
392162
1843727
1185072
804074
1160544
1522095
532255
1481405
362725
479864
1505498
1136413
275026
407235
1195587
237659
233560
736089
1394297
308939
74027
924454
1357468
1159563
360511
1650954
571099
233752
1423482
817503
608478
402871
1034636
1493772
929616
567212
26677
1881101
1273742
1593241
1702101
1977557
1676623
189372
790492
1798737
1398989
1349488
1128900
1228654
495923
1658568
839171
1872818
1020823
803667
609428
1855930
949177
1647564
1568110
1787669
1404538
433432
1714609
1259291
176566
1898579
1871055
935936
154921
1028864
1247510
1883505
741697
1879234
1733736
762599
268486
1904989
1744289
686902
821087
464882
1615656
348455
587532
584436
1232204
550132
572472
493898
856600
1703699
133815
1567392
1968004
1480087
1650109
37787
1674395
35268
1047203
1121110
515371
365107
906701
1464800
805780
1686509
479192
1444489
1926169
1521850
1409983
1767008
557942
1486435
1449448
1664288
1766406
449678
1835364
1132691
1093702
1460760
405260
1904298
1589377
310642
1717528
239969
1000875
643143
1242514
908243
1585073
1023255
1615653
1302535
1095819
404351
657808
329520
1452888
1267128
209762
1359834
1443736
496564
1060258
896618
1726889
829672
1496779
1203730
54270
212598
711287
1846349
1552484
983530
1756355
1621348
144912
625460
719442
991067
614023
1412868
290969
199127
1849543
1546832
1357864
328779
221406
186206
1333718
1412544
386856
1600449
1779084
1167001
1549059
1462756
1885165
393380
1085928
1954699
320138
420715
781922
1771308
1114596
11687
698200
842451
1276750
865811
1885638
278140
267992
1225748
1898677
1596822
1153048
523165
1710416
785789
1075176
46830
762877
815389
348561
1080317
1758296
1650975
1271094
1007477
1815947
982911
307480
1597657
739547
1737411
1801315
707043
1892256
532785
1279937
1097161
450361
486721
1019910
1322647
932406
1908054
1974052
672172
1940367
302002
115446
1069530
216314
1479964
7775
1910053
461227
1739967
166541
380344
963086
1406478
171596
1166191
718442
141855
8053
582625
1723871
1618778
785468
1551753
772771
1227142
1504478
410982
148869
79849
627059
1481328
1506911
1964878
1084776
910564
648208
1170332
1223435
1778017
437307
80788
454751
1986614
804862
1283377
1047233
1740362
1669586
1397120
1539305
924757
375171
572059
1801069
520302
1721360
1793320
1450173
1359570
1466054
1503183
462507
1399205
30273
774955
915297
1876973
1208055
391411
925199
93541
1837868
701742
1373656
492461
708773
916508
1145748
463766
92929
1165691
697453
565071
1737667
474327
883684
530431
411755
1958737
32352
673779
1068550
854118
1789804
319190
1361419
1240224
832085
830008
288403
798132
192518
1817935
211496
13169
1273781
1869238
322499
482825
1867714
1758630
244723
218791
818355
671173
665375
656216
1688904
112833
1741467
1232096
1946745
1474241
553965
150302
448359
1101233
282539
387331
1977389
1065263
246033
428975
1224387
210752
1216493
64145
1434926
246074
1135724
431943
1990862
1468810
147972
783511
1484420
1354382
1264357
603250
1432538
685447
80442
1987889
408355
1345229
1762067
163784
1472454
1650583
506355
105462
501274
401402
1045255
1459104
1132741
951869
1652728
167281
705065
620479
153033
1201014
462795
1331218
131359
1502637
1640685
1758664
1341131
1643688
649097
1161368
1567756
1691390
123630
267372
1559140
1736666
573247
240111
167223
290091
1081451
1747837
845388
225697
1443026
1639972
1398828
1587856
978000
1611039
313303
635349
1437069
831236
1956537
386626
841731
332217
1409206
1610714
1457862
1089775
443
1884448
1508174
1913746
1090867
1240780
1880240
1885384
1035911
528415
1663888
764650
770034
1439784
546085
912267
19574
1478186
840813
1504634
144823
840113
269371
637974
1093503
622047
1024951
1313616
1612632
1137031
441895
1747451
1941125
1103722
852575
1121324
247250
308032
810677
361766
1212508
1615265
941144
1331620
514997
1930485
1919209
225611
423749
1787839
745196
1872555
887697
794275
17896
807265
16812
832751
1430601
1281069
1778439
1135729
1562996
1243496
1580026
1793781
1322271
448386
997962
1196301
730786
1194847
1300371
1237470
374666
1761610
114101
1452918
383956
1426102
175690
1654580
1426455
899288
947277
1516029
1811854
1392440
831702
1095794
1472414
1049984
824257
808074
256103
1679432
1056354
1603821
1366196
573076
584655
1946930
48029
1513576
1450919
1580554
826837
1546210
606401
1625970
296018
1468814
1174267
1099615
1025484
23595
883458
1125447
782453
617427
431652
1605295
1669970
1851699
856769
722966
1866600
1262571
1634364
518490
834010
998131
1386454
1617747
580052
879769
1478643
1762286
277375
453877
1348400
830951
942225
1215702
1290579
34004
1767164
95280
653172
715312
1229095
165
598683
1294881
795819
1009377
1777931
798603
1448504
46165
977331
793765
1546450
255392
1448557
1170809
570322
1240173
945581
474511
1169921
66405
284290
1188951
1842166
1978800
814556
358490
1667510
1376178
714811
702176
467914
1077406
1436038
568263
1468477
600502
448546
1940750
1424711
523117
1937499
819679
1505489
1645560
718346
777159
434148
1093088
1096782
1164192
418752
63077
285767
52150
663860
1230658
1545852
334894
923334
350176
1584905
1607246
1687971
59633
740069
1635445
1876532
805242
1659220
1701602
58001
1056150
838
400953
200026
903203
1881792
237184
1751275
128244
563187
951321
166181
1624134
194562
1445777
1129664
155760
1787245
1397056
1763543
1846460
503201
1028784
422269
1051962
1577922
1308252
94453
507930
1426647
1135303
1778853
1520093
379173
1438280
1259247
1969764
154305
1672335
496044
550600
179012
1265849
994813
523316
1450529
1285458
470271
1183206
339249
1577600
967465
1612455
667291
1968946
1256962
1898030
1730588
465997
1649158
1147643
748365
983499
210779
189136
528071
1080230
876528
96708
584172
681564
1450913
1204257
1189530
51133
103347
1137495
1819994
1688213
1715808
526965
392586
1775753
723543
628793
1864645
1120515
1126068
536850
1866936
168474
55084
1687721
1187341
367959
1915552
1986329
1833985
1857642
179562
1950278
920113
366733
935907
490278
378875
1008919
830198
149528
521742
168516
411014
1630488
857295
1984536
511174
1026255
1982504
169182
982283
1206090
1880604
335039
1125385
500685
1283446
208033
1819244
523469
953736
1865163
1972888
72003
877391
1377533
1531827
164192
902773
844486
977820
315280
1063791
407676
893942
683690
244623
1546397
583968
1524437
1002512
771232
1209693
10700
1151036
1569158
1285157
98849
852400
1782737
1633534
1477566
246628
254575
1591588
1577331
665495
1800510
1189338
1043643
1472374
262499
1156607
7046
1922447
30275
1374927
62011
1387254
367895
1091167
1408440
505236
835559
50219
819639
1987213
522908
1092789
1377317
860854
691579
1068402
844799
530224
1557721
954863
86280
521323
1131375
1939622
862621
1957486
108221
1402723
1247888
473813
12192
484711
1731568
318514
962116
1106196
1734911
395185
54413
74201
1402447
1963330
236004
1914361
440
1843019
263898
1453656
1094783
1506090
170722
1842771
1050345
866116
1620131
1275196
109118
1695253
1782473
1873485
967638
1492119
615332
357362
198934
1890640
1799777
309396
1944274
705830
1096580
1546691
714435
753703
517821
233666
550044
1667772
1839582
1860855
1739445
1253385
866712
310001
889383
1869836
546906
488767
74370
1023700
1417479
1196056
1168754
1214432
1972969
1481819
427205
386952
1108644
488457
645229
1479433
700000
797155
619839
1177866
1873497
1411980
393989
520233
1344083
1849422
328172
1123327
298153
1024530
1724112
270802
603409
939803
375930
249720
1419687
4035
1438963
1232346
1807329
963502
705423
998610
1592373
289439
1550296
1990735
1068967
1755491
380295
1435153
1195865
618274
1353566
1243982
467502
703843
1331246
399964
1694595
1158183
1377680
1688790
605472
466177
812189
765875
1068195
1499592
628073
1973896
1466426
1126539
1131991
181265
1895785
175310
460578
426136
704020
1150248
1147589
364830
1665727
178683
1718849
996159
1584188
384111
260849
995106
1913745
1425194
567236
1322838
1514961
1096928
739387
1109333
1150591
149313
427520
1927133
1213911
1865344
1740156
1708727
1288614
822435
448389
1442276
282241
1965777
220274
662935
776542
1179266
1342495
582583
1177457
1467329
34097
1379385
160505
1059071
246152
577017
1545132
1192021
1204617
288157
77820
503229
829374
202787
641584
935929
164359
926296
484075
1723461
719656
616865
1790000
879325
732332
1454457
1696383
1604491
1685398
1501732
118569
1329306
1228709
1792533
1827270
569521
1595870
879482
954913
1961218
1767965
419105
1706950
1560085
1869285
127379
822089
242542
1787864
565427
382272
924302
929975
1579160
730346
1043407
810588
1327109
985317
39042
357322
1182005
84925
687991
1774875
1816863
608744
1025503
391049
110027
1705519
1592234
311926
1803643
1875218
784254
1405840
1589631
477435
648802
1074410
1129782
961569
446607
1316559
1163264
1053971
891468
6982
187819
1738567
1536794
1092813
1698560
355078
353945
1646611
1980541
1684199
1695952
1222082
106848
1829291
349957
472438
1972655
1959744
422191
151809
119666
948651
476220
808606
1834324
1476284
1814164
1487327
943776
859581
263429
1346606
1590074
511754
991114
1552628
1114042
1282702
972949
1172042
1229051
759317
825192
1645918
419611
1895516
315265
6980
2449
1210090
1397980
1046824
1133256
1564800
149397
1510677
660416
1270225
931796
385983
411404
643476
1007368
147151
751499
1396412
1633630
1816818
331652
1542566
510932
40837
1460643
1416648
184548
1961697
1994535
1572713
1732152
629999
1118436
117669
823398
1199745
1673616
145278
289944
1674779
1213250
214929
371620
363742
586061
1466918
932961
1822389
862371
1667209
662998
815113
478231
1402192
557240
1266586
793023
154723
1515199
1045644
325762
1972688
490760
644321
347466
80933
886445
86258
163056
715606
1170566
1560316
1716868
1610043
27827
1241573
1793740
220240
1767456
856736
554079
136362
628090
942043
1578158
1759985
365939
1576079
412359
786135
465568
13893
166063
422196
777055
1086374
264323
829834
258264
715144
866126
863799
480151
1850283
1460397
1683551
720424
672139
751183
1230512
728389
1139570
826709
144043
612788
634025
232832
216430
1126523
1411518
1594947
1113844
1774277
689923
1929706
1648201
1621004
1455683
1857609
1799424
1122505
971933
1880840
1789181
1527860
560567
727238
460319
1597771
1462451
1874185
783064
1869945
1504548
1830191
761889
532521
446316
768249
597113
962527
830269
1198724
1856012
1901440
1333371
41886
129267
803873
413885
195849
1017451
120452
1968356
1741221
829718
1490634
1736296
1863507
298195
298074
435564
881761
679153
376124
800336
467735
1188713
50978
587093
159501
1145132
1243544
1126522
4627
1846616
450008
379837
118959
1549903
921064
1330976
1323797
1700120
634922
1441221
1759826
341673
781505
1414706
213910
1667235
349703
279562
432197
1869270
965208
416947
528767
1781723
1739975
507029
257519
785640
1633373
1467718
1191774
1815988
1321897
1110186
1703448
410506
880066
1359631
582634
1954149
1522608
984356
198733
401246
492911
1321234
1303570
1543462
1547943
910158
1726341
1630860
641098
1599580
784701
541934
1885877
1524339
745364
434661
238095
1035137
636614
1336748
653602
1905538
186518
92710
953298
1184249
173269
1860861
839744
1932509
1831293
1626321
974775
314740
97145
1804148
1881874
1942495
660201
423027
1628671
88628
217916
1650055
1289915
1737137
615787
402458
909659
1962492
388874
250922
1845317
1297492
1598892
65142
877971
1237457
829563
1286474
1629552
830451
1749998
476013
1680813
195867
668211
1285598
1762024
137110
1401726
1170389
1364667
1428938
346510
376749
1741777
1276360
682358
1781748
1638036
940107
1762993
1477641
1597554
1635069
863179
1784149
998281
195350
1774537
1094038
1120752
1199979
32370
660965
1249760
565740
602852
1252359
711049
148014
104413
428539
824304
1820695
690800
1152062
665861
655412
887872
641732
286026
299883
674671
1085919
849774
1270708
1172012
563308
1492140
448323
47898
801828
151795
944738
1834748
894288
846428
1378746
108325
1019628
144618
819934
1624909
1448275
87953
146718
974764
485191
77266
652101
512942
800747
1994897
567372
1566290
1202325
907379
101031
1820890
833510
1445748
178289
59562
1174528
914454
1766717
145197
426458
1649892
1959496
1484441
1344214
1993894
542218
128500
1408367
888609
1957343
1031235
1068747
108555
1984806
592822
1062267
16179
1766070
1642692
330312
613800
713380
276065
1684573
1361237
1461820
1853268
1905745
346892
1629026
1690267
1474628
1569540
768353
1212989
542123
147068
194390
1412352
1264300
1914421
906586
877486
775092
698752
443437
1041312
801745
1941131
1836276
885117
954094
1018858
1133794
1748394
771948
386394
308770
1069255
1417102
1584591
1655938
1057994
583984
1142607
1845222
1913182
1338164
1067588
922485
690674
1244459
1834664
1570372
1099722
542375
702466
1099269
138096
974529
100894
1898067
1222410
672695
887605
346064
1472667
1185523
717498
326249
377607
558312
1117439
844807
1597538
509785
1165331
446285
1437531
802250
413352
1413787
1596352
1598852
1704453
862574
481603
188668
474028
118979
893034
1194916
210420
627818
44562
234842
1331302
1221685
234262
831431
1011973
1229771
1160214
1628088
83536
1072493
1645962
958828
1693134
1093956
880347
326900
616494
1842639
1086322
1615662
1618228
979573
1490832
256521
521078
568407
35296
725002
195471
872659
1554127
1971394
1933319
1418084
1398501
981543
1633586
1529752
1245568
512052
1897521
1258977
1641683
796498
1089004
773549
727168
1392890
1841163
506078
305618
754469
1596567
603503
194990
555822
1459241
515647
1870367
878659
1248556
801260
811032
258675
808955
1968110
1005493
461586
69759
1120886
1401074
788816
1175971
450324
1767758
708192
658471
1609964
40389
507789
371987
1037751
1036650
1155549
1704074
419337
1896135
349311
1586094
998813
721337
1936064
1253681
827928
1245668
1849004
320258
1652974
1824136
108509
531693
943276
1317159
1167127
646755
405858
250103
448676
482244
954893
569360
82227
887526
1379736
757437
1915889
1650085
233742
508994
823267
712270
16040
1953290
1933159
1108264
1105333
1889264
191633
1364248
182834
1868263
1981097
61180
1269610
329948
1195813
1751949
1842647
1710125
580710
1648038
1536008
1032735
614214
1715091
762515
1225312
1834265
1973175
1564365
703115
67701
94643
33390
1081246
1945152
471556
424552
461137
116329
794414
1757755
1657852
237190
1249224
1241359
265589
1405736
1416771
1438637
384672
925253
1868275
369022
524114
1429785
29994
1780644
1270406
1557039
1010509
1317621
95435
1752117
242509
1684726
194536
1916245
1220960
1428526
992433
1936010
1941530
1306743
108786
1439304
1035048
376056
352694
467759
1493206
1036328
1028854
1825488
1666204
1747263
1613613
485975
1296497
1383740
213446
1060797
1442001
825076
1213515
532015
704985
862610
1315054
68382
1863923
1400063
757568
207705
902350
667922
1186400
953355
1490748
274040
360261
1839880
124990
704266
1378059
1614851
1136162
954050
144611
358413
563716
1287758
682760
285595
962689
129320
1372285
1075408
527951
1138895
291279
32489
1725137
1596156
1020472
1464095
1200650
1345299
981563
175194
1592818
692961
1889140
1106843
163362
803511
398488
445280
509401
563658
1775829
1833710
1624146
162461
1982910
1324100
1987025
437402
1193245
648140
1984773
1056289
926896
437188
202146
697158
1153539
408626
488793
1088024
947
1773268
1270534
132397
1437881
487362
1985005
1036577
1602016
1920909
339874
611166
510940
1042602
926240
28961
129142
103986
830032
582321
1118267
232372
1113733
561657
1361813
120180
478917
1877173
1438448
1405159
1020202
1066857
794730
260866
814901
1164622
664136
1236148
871831
703403
1601754
530421
1866046
661026
1864931
1823120
1017382
1503146
148619
1629819
1182727
1656398
1872581
1755229
1810542
1351338
257439
1214077
333951
1630773
1214332
113157
1596473
1809383
1382415
162803
1170853
410290
208264
1935047
1083973
156623
616633
915512
633051
7636
303122
781524
199024
1681353
1259922
500981
727317
1567936
1300817
1283061
87807
1863369
1678961
1567876
1641182
926328
828061
1993026
1402757
883778
212855
1161025
1180366
33607
1556340
871964
1094153
1266444
1622992
1995900
625272
449689
279869
966031
1116721
1242922
936322
1265088
1310268
173324
1252641
1235602
1664184
577137
400914
178985
794428
257164
1883024
329431
730324
1544110
1217313
1958803
291773
1429868
1578940
665408
1268181
1051581
232547
1901561
111940
516208
338425
1594071
409626
216191
1024478
379628
1602706
1824479
96028
1494925
508688
1030797
1260553
821568
1785886
1454853
459862
1959469
1411770
1878513
337621
528196
246002
951264
1203916
1166598
702921
590523
1861781
1408318
615539
1948916
106316
797938
1415036
1830483
504544
1161740
1538847
879939
1710915
1665335
1245962
381461
990891
1046743
1874367
1734995
1570454
396236
1926518
538843
768179
1634363
202179
178082
1003355
690616
636699
1890098
999634
1086618
1977649
724067
1866409
1255453
963204
250105
591494
674210
1764245
1152132
1959200
283238
1390220
1530666
187260
443902
1583829
148297
851422
1401119
997394
256147
1880756
1671376
311432
1648731
1150839
1187269
1597555
730100
1911136
1372724
166971
1817976
742759
37810
212572
1379368
620922
1530630
1764566
761870
1914849
836388
311407
1422397
496930
123722
1300276
513651
688843
1578853
1080830
1742518
1297186
207234
458067
713422
594932
252192
138066
463774
285961
1893152
444124
883188
1470261
1328194
581141
1657037
664414
816218
1354740
22072
1362950
92604
975899
836249
1135960
1663362
634550
408031
879327
1356885
1489973
1772688
84819
687313
1771068
1769385
643220
845702
570543
1550055
353786
1606473
945396
950117
1049832
1294850
1851108
1056359
1257786
853574
1313780
1363728
98929
251076
1180135
275858
274416
878169
586799
697630
387550
1638644
1926581
1256462
143044
86530
1511142
238262
773663
1569694
777685
1098701
1642397
1208298
13748
588299
1790268
300399
1979849
10390
943867
1648810
291319
835651
63102
1802112
588782
1422567
348860
1987731
74953
1670660
110207
1564868
1597577
245302
930975
965155
853339
1096815
687086
940900
183350
1861441
1459567
979280
1312368
1961241
1315705
663602
1857362
1032667
429592
681161
337052
354575
945702
503092
1381253
1135170
1641476
1883098
1295610
1971476
857982
636216
1712524
1979771
685316
1148478
176576
17897
1458071
1909256
685800
1188095
93539
1232437
1101190
1810881
417334
319636
556672
620402
73518
1478223
271849
851800
1473353
581602
1414717
1911045
983896
1510398
43734
137200
1711748
749493
1815169
756558
1849320
114965
1912208
516367
1936019
1052942
827773
1697180
1271669
307352
970591
890180
1955548
589962
295643
173561
975174
585090
1796973
489560
1662979
291601
1037057
1688876
267781
1925037
1270976
342969
1282990
1270954
197
711235
320476
1156087
1074519
801120
586942
120482
1821545
1963690
803160
847727
513397
994368
1852280
1171710
76412
784407
1841687
257753
1903905
22031
1821998
1261524
516347
1342636
1107808
1860351
313321
256780
1758384
874530
1603443
547776
165112
554816
99449
509876
1614823
553333
1041272
417213
1986761
1455694
1573267
868418
699175
1385744
1390717
1820623
474831
784310
1891321
1988487
898761
1143772
1778381
1640906
791140
1249701
121178
1553519
818819
1634423
1351987
1320060
1787405
1391684
297806
1228051
785132
195870
1970856
1990835
1838319
992094
1663875
28825
1065006
578706
1960330
409728
1660249
371461
1834841
282277
1124762
52193
1212848
801630
726329
1018056
294220
1581201
342897
963402
1277130
627802
1575127
902471
84108
1398598
1793538
1107352
629526
15097
139469
191149
747469
258430
1803515
383870
6041
729159
470358
1635917
678938
836386
1371719
193261
1659015
143685
966187
1199396
805719
533291
1527741
1867620
1899061
933424
1783509
624171
1503228
1425124
1891315
782765
325756
1470520
1148141
421091
55266
1236396
1924994
1573925
1088613
1043889
195168
1199220
229135
1064673
67328
101167
879826
1528696
1789805
782195
732137
78151
591142
667319
1358839
1513347
1316420
1512944
1364204
1838944
778042
1161486
1991537
1242581
1353020
671786
216184
904712
1169601
1191765
1106427
1194365
442733
62989
1488172
1656775
1816640
1442114
1796828
897810
1314593
205517
284915
1111145
1136656
1171048
1383335
707670
507401
50626
768636
1029322
933834
1906788
1974271
1064961
1503797
809142
1201978
1734537
1194939
393607
353872
1375944
184485
1168766
544969
19251
139454
329396
1334067
1581501
1383418
1319695
269998
267533
1901627
564389
273278
375129
1301257
615794
1432635
1427509
542677
750277
1364415
1234417
751001
1511281
888149
761462
1449499
851290
704840
1350104
1726008
1639082
1130621
1252460
420785
1053767
1500878
152668
318617
546244
1435172
151892
1173362
817772
1531506
917234
1296191
1008337
640352
1286050
572851
1493116
1618133
694480
1060195
1761620
1910698
994964
19739
894469
422178
840985
911525
1938312
1831840
1353244
1256829
792525
1440364
279431
562440
453263
1313905
1625501
575331
53684
161
1949114
1622092
916560
1195979
160984
100206
432715
634113
1731979
1125418
1670481
359924
1412610
615891
145084
1702910
121741
1336825
1103208
1019490
1676196
1333825
537263
1045816
872309
318362
94638
819330
424032
1388890
1334721
227945
514811
1482074
1486598
470342
550218
1201463
1044464
1433400
366297
286306
1333436
1214271
1754828
501183
332105
789771
766292
899948
578013
1612173
184682
926642
1856326
1523867
1268935
1465629
297487
1127345
1597106
1455047
1462082
957186
49095
767485
1075935
1690738
443629
285515
1399643
1886117
1879729
766546
106981
915725
442828
644209
873761
1534732
1043475
1227922
129755
34517
745210
1165364
356725
840181
245101
1696251
1172169
1885319
693431
868863
1888268
1035903
773871
1822495
890309
709826
498700
1198956
1859221
1210307
1747536
185839
1868670
729669
482667
429085
1515168
551224
1284509
70713
1241541
876501
1964974
1068175
484925
1241285
479268
796115
106821
1711648
626951
437150
1056557
1425197
1057500
504164
863583
386237
1843584
196638
1058803
1091801
1186218
82205
946523
1729223
1391570
40201
1275354
1017353
36744
1431707
646608
829078
533244
36476
1487731
691532
237870
1291771
375232
337377
447907
105921
405335
1617304
1194484
439110
1208738
1810575
1706327
1897372
1022770
1834660
1828559
574960
701076
66702
1872189
1839230
1448854
1685025
307491
716327
218382
1922027
195457
12623
471514
1412244
922875
343920
1139339
452376
551610
1641765
1125243
796090
291545
1063590
1167616
117699
1724677
804084
1047685
1397749
489722
362240
1924905
436302
306356
395638
729857
298520
846864
327134
1685013
408221
653447
1141200
1395351
1889324
1374668
1843661
1097919
1394274
380154
778241
752573
788767
1003799
1730018
453306
698836
812626
1660912
525654
51485
790339
1912583
933487
357134
223828
1976908
1539636
1583882
1188845
1493411
1797211
1957969
266495
1436170
654790
1956375
1687641
106516
1623672
806347
1427958
1108000
1515744
1926869
1021512
36899
455087
1293442
783828
847862
1754434
857694
1724601
159134
1515105
216029
874592
1834395
1277024
999598
1438363
91221
755365
1089852
261934
540514
1451807
956822
1614378
1900873
1055421
1712400
637873
754126
855373
1225922
887445
1868099
274559
1525149
869005
40446
1835205
295966
1284344
593916
298795
919638
389094
403477
5348
186018
861172
187113
175736
1655408
1179473
690452
1047650
832706
1074453
1279867
934090
1824876
355719
84270
1009559
1373944
1537131
1409371
1824847
303043
1736164
481768
617134
1698997
1820748
1551694
710462
762025
733349
1211569
1733599
1950819
1216746
866795
437424
16339
985074
1670428
1612716
1090303
1326697
4601
1595912
555962
1569751
152601
1384043
541851
402555
228476
747920
739177
987716
1748158
810525
698794
1622198
735206
1556109
39629
365120
1799170
489989
1935231
870980
226835
1999001
684842
1724963
470461
664797
1979328
1665720
1248574
51068
1567718
715529
1691391
1673601
24892
1717572
409559
1439859
1877732
458865
133377
1768005
1019318
943451
1739442
1886159
1845632
1724439
744110
1540082
676665
1596346
1415650
382948
475105
892788
801191
168191
1583950
508082
1483336
1126026
222525
1123984
15991
752970
752697
989301
18783
781886
1655430
132629
132976
73623
800283
691977
1312479
345225
108611
1710010
151801
755416
1898123
1765400
1303766
558737
235822
48492
24755
1496831
1712813
184526
1755812
385837
1579428
1639026
1448466
1986503
1401664
718920
47654
877491
1632070
773707
1840960
1939792
1236340
117036
333095
550337
1842215
846228
756447
1332374
1700057
1887612
267653
1786948
31693
1605653
1566971
1282374
1758585
1131763
1395191
1223085
1495487
1751286
909965
1617820
1979784
373851
611303
1810326
1906873
454921
971115
1034314
1199898
231897
1231705
427980
585526
1269119
759179
1716459
424370
1427030
842791
355497
1671225
598424
1435144
1498226
1965593
1315694
498348
1512595
26500
1306487
155366
93420
1286418
1135848
1592315
1280560
80176
1738845
688947
660801
364813
1776607
106488
377541
1096964
236254
564359
958680
1016267
437941
1476536
712570
392773
535325
872933
1150606
1399016
1567441
250428
1847110
19837
1083240
1042799
780715
1267486
177363
1744473
857550
122464
1234855
1420938
937129
1201684
1127686
70757
1833854
122821
1301332
1767128
242993
1915263
285842
666572
1630338
146655
860016
1466259
563717
449582
1359306
982098
1009593
1375981
354908
919432
569613
393291
1989950
1435869
528919
1079690
972121
342922
427478
1744861
1089556
1883690
238688
1963499
1056971
1225156
1192282
827178
451430
1404887
628661
1400572
1902430
449408
51299
1592436
1127001
1074969
808489
678277
1174749
720555
1761670
1106728
499643
660097
1341107
108499
1094519
427744
1178970
345123
1361120
1109656
1557278
512551
916100
1616655
893208
874823
768993
285874
375928
79080
889297
509348
1541122
1046118
1441406
1433105
1174723
1144870
859451
1394174
176830
1559571
1324332
1675203
1790931
510751
1390028
584857
1421540
128671
1964473
816573
1662836
32516
1695777
319772
560146
1601108
1745268
281242
1552230
1334915
1439468
1910085
1032547
1310478
450328
204963
58393
657342
1238030
1242907
412089
1642287
215088
1492670
965245
1621857
1274326
85023
1011107
628998
27681
276713
1954117
1677709
1197108
1053917
892026
406892
1685469
1301344
1940880
356668
1505350
1656034
121542
142633
1834877
1608379
1083919
299858
1526815
1117723
1050945
1862882
244114
505993
1707485
1075289
1143740
1044930
997357
309483
493547
470178
74816
1038613
1189578
859237
1950880
1353752
1045080
931595
1634197
452277
396566
1481149
808889
1510034
1921662
113106
1312273
278387
1144670
1522441
625482
571827
292615
111630
115441
1010234
1657934
1333591
1387171
464589