-1 -10 100 17095
2 -10 10 21604
-10 3 32 12043
-10 3 95 14119
-10 -3 34 22566
3 10 26 17157
-11 -1 87 4798
5 -10 43 1832
11 -3 87 3148
5 -11 54 20540
12 2 48 25343
7 -10 92 25697
11 6 27 9741
4 12 31 23335
0 -13 89 2792
11 7 12 788
-12 6 24 8968
0 -14 79 30947
14 -2 11 11698
10 -10 91 2257
12 8 64 12570
4 -14 84 31357
4 14 32 14676
-4 -14 89 32097
-7 13 63 14713
5 -14 31 25970
-9 -12 25 6097
12 9 39 12529
2 -15 37 13022
-2 -15 29 32091
6 15 58 621
3 16 85 11592
3 -16 81 24382
-16 4 93 10312
9 14 58 24484
-17 -1 81 24372
3 -17 13 25631
-4 -17 92 17825
-17 -4 82 1401
10 -15 46 3388
-15 -10 43 21457
-9 -16 88 13817
17 -7 21 21323
-11 15 26 2003
-17 -8 90 25403
-10 16 30 25087
-10 16 63 21430
-19 0 68 19695
1 -19 13 4580
13 -14 63 6038
-15 12 20 7376
-9 -17 64 22104
3 19 54 26539
5 -19 41 19854
8 18 94 9981
-20 1 41 5021
-2 -20 81 17461
-18 9 15 32637
18 9 11 15009
-11 17 87 1229
13 16 22 16413
-19 -8 29 5303
18 -11 58 9578
11 18 77 13357
-20 -7 16 27666
-20 7 13 5716
15 -15 94 31918
-16 -14 10 675
16 14 59 22716
19 10 34 4360
15 16 26 26281
19 -11 68 15733
-19 -13 54 19533
-13 20 34 7137
18 -16 51 21520
-16 -18 81 2016
14 -20 25 17207
20 -15 16 19269
20 16 60 10426
18 -19 37 13438
-20 -17 60 24668
18 20 40 2520
20 -19 55 397
