999 -899 100
772 -123 100
430 465 100
-269 -686 100
-139 -578 100
-496 716 100
796 -976 100
254 -521 100
933 396 100
-745 38 100
-864 -652 100
-146 506 100
-996 -703 100
541 961 100
284 -75 100
397 944 100
365 638 100
-771 -798 100
-428 -426 100
-398 553 100
524 -220 100
718 209 100
469 204 100
-311 -905 100
233 83 100
-985 393 100
-183 931 100
-25 -641 100
630 732 100
-863 260 100
197 790 100
-503 -14 100
714 371 100
-411 970 100
-565 754 100
-132 927 100
807 -206 100
-316 -326 100
946 -299 100
-860 17 100
-728 -719 100
-248 -335 100
-448 109 100
-339 290 100
942 981 100
-667 -218 100
-576 -652 100
-261 828 100
-921 902 100
102 -842 100
-104 253 100
536 -473 100
42 543 100
669 912 100
390 639 100
-68 -644 100
-368 535 100
777 702 100
-459 113 100
718 -838 100
379 -612 100
721 -225 100
-918 -607 100
-246 -598 100
-770 -386 100
-985 -356 100
-364 -647 100
-579 -916 100
-61 -582 100
-409 265 100
-358 578 100
-686 -467 100
-995 474 100
-919 -31 100
-977 657 100
421 -849 100
200 -983 100
961 -363 100
980 -407 100
-959 192 100
-995 266 100
906 -882 100
-928 744 100
-660 995 100
-464 -846 100
-949 -267 100
-552 -782 100
-562 -607 100
-985 -107 100
-850 -414 100
-951 -902 100
-827 -430 100
-742 -829 100
386 -991 100
-728 -508 100
-757 -881 100
834 -799 100
-536 -909 100
-786 -917 100
951 938 100
